=== ROUND 1
00000000000000000000000000000000000000000000000000000000000000000000000000000000
00000000000000000000111111110000000000000001111111111110000000000000000000000000
00000000000000011111111111110000000000000001111111111111111100000000000000000000
00000000000001111111111111110000000000000001111111111111111111000000000000000000
00000000000011111111111111110000000000000001111111111111111111100000000000000000
00000000000111111111111111110000000000000001111111111111111111111000000000000000
00000000001111111111111000000000000000000000000000111111111111111100000000000000
00000000111111111110000000000000000000000000000000000000111111111110000000000000
00000001111111111000000000000000000000000000000000000000000111111111000000000000
00000001111111100000000000000000000000000000000000000000000011111111000000000000
00000011111111000000000000000000000000000000000000000000000001111111100000000000
00000111111110000000000000000000000000000000000000000000000000111111110000000000
00000111111100000000000000000000000000000000000000000000000000011111111000000000
00001111111000000000000000000000000000000000000000000000000000001111111000000000
00001111111000000000000000000000000000000000000000000000000000000111111100000000
00011111110000000000000000000000000000000000000000000000000000000011111110000000
00011111100000000000000000000000000000000000000000000000000000000011111111000000
00111111100000000000000000000000000000000000000000000000000000000001111111000000
00111111000000000000000000000000000000000000000000000000000000000000111111100000
00111111000000000000000000000000000000000000000000000000000000000000111111110000
00111110000000000000000000000000011111110000000000000000000000000000011111110000
00111110000000000000000000000111111111111111000000000000000000000000001111111000
01111110000000000000000000111111111111111111100000000000000000000000001111111000
01111110000000000000000001111111111111111111111000000000000000000000000111111000
01111100000000000000000111111111111111111111111100000000000000000000000011111100
01111100000000000000001111111111111111111111111110000000000000000000000011111100
01111100000000000000111111111111100000001111111111000000000000000000000011111100
01111100000000000001111111111100000000000011111111100000000000000000000011111100
01111100000000000011111111110000000000000000111111110000000000000000000011111100
01111100000000001111111111000000000000000000011111110000000000000000000011111100
01111110000000011111111110000000000000000000001111111100000000000000000111111100
01111110000000111111111000000000000000000000001111111110000000000000001111111000
01111110000011111111110000000000000000000000000111111111100000000001111111111000
00111111000111111111100000000000000000000000000011111111111111111111111111110000
00111111111111111111000000000000000000000000000001111111111111111111111111110000
00111111111111111100000000000000000000000000000000111111111111111111111111100000
00011111111111111000000000000000000000000000000000001111111111111111111110000000
00001111111111100000000000000000000000000000000000000011111111111111111000000000
00000011111110000000000000000000000000000000000000000000000011100000000000000000
00000000000000000000000000000000000000000000000000000000000000000000000000000000
                 Speed venant de updateSpeed : 2 2
===> temps exec = 0.002600


>>>> CONCLUSION : temps max d'un tour : 0.002600 <<<<<<<

=== ROUND 2
00000000000000000000000000000000000000000000000000000000000000000000000000000000
00000000000000000000111111110000000000000000111111111110000000000000000000000000
00000000000000011111111111110000000000000001111111111111111100000000000000000000
00000000000001111111111111110000000000000001111111111111111111000000000000000000
00000000000011111111111111110000000000000001111111111111111111100000000000000000
00000000000111111111111111110000000000000000111111111111111111111000000000000000
00000000001111111111111000000000000000000000000000111111111111111100000000000000
00000000111111111110000000000000000000000000000000000000111111111110000000000000
00000001111111111000000000000000000000000000000000000000000111111111000000000000
00000001111111100000000000000000000000000000000000000000000011111111000000000000
00000011111111000000000000000000000000000000000000000000000001111111100000000000
00000111111110000000000000000000000000000000000000000000000000111111110000000000
00000111111100000000000000000000000000000000000000000000000000011111111000000000
00001111111000000000000000000000000000000000000000000000000000001111111000000000
00001111111000000000000000000000000000000000000000000000000000000111111100000000
00011111110000000000000000000000000000000000000000000000000000000011111110000000
00011111100000000000000000000000000000000000000000000000000000000011111111000000
00111111100000000000000000000000000000000000000000000000000000000001111111000000
00111111000000000000000000000000000000000000000000000000000000000000111111100000
00111111000000000000000000000000000000000000000000000000000000000000111111110000
00111110000000000000000000000000011111110000000000000000000000000000011111110000
00111110000000000000000000000111111111111111000000000000000000000000001111111000
01111110000000000000000000111111111111111111100000000000000000000000001111111000
01111110000000000000000001111111111111111111111000000000000000000000000111111000
01111100000000000000000111111111111111111111111100000000000000000000000011111100
01111100000000000000001111111111111111111111111110000000000000000000000011111100
01111100000000000000111111111111100000001111111111000000000000000000000011111100
01111100000000000001111111111100000000000011111111100000000000000000000011111100
01111100000000000011111111110000000000000000111111110000000000000000000011111100
01111100000000001111111111000000000000000000011111110000000000000000000011111100
01111110000000011111111110000000000000000000001111111100000000000000000111111100
01111110000000111111111000000000000000000000001111111110000000000000001111111000
01111110000011111111110000000000000000000000000111111111100000000001111111111000
00111111000111111111100000000000000000000000000011111111111111111111111111110000
00111111111111111111000000000000000000000000000001111111111111111111111111110000
00111111111111111100000000000000000000000000000000111111111111111111111111100000
00011111111111111000000000000000000000000000000000001111111111111111111110000000
00001111111111100000000000000000000000000000000000000011111111111111111000000000
00000011111110000000000000000000000000000000000000000000000011100000000000000000
00000000000000000000000000000000000000000000000000000000000000000000000000000000
                 Speed venant de updateSpeed : 3 0
===> temps exec = 0.002336


>>>> CONCLUSION : temps max d'un tour : 0.002600 <<<<<<<

=== ROUND 3
00000000000000000000000000000000000000000000000000000000000000000000000000000000
00000000000000000000111111110000000000000000111111111110000000000000000000000000
00000000000000011111111111110000000000000001111111111111111100000000000000000000
00000000000001111111111111110000000000000001111111111111111111000000000000000000
00000000000011111111111111110000000000000001111111111111111111100000000000000000
00000000000111111111111111110000000000000000111111111111111111111000000000000000
00000000001111111111111000000000000000000000000000111111111111111100000000000000
00000000111111111110000000000000000000000000000000000000111111111110000000000000
00000001111111111000000000000000000000000000000000000000000111111111000000000000
00000001111111100000000000000000000000000000000000000000000011111111000000000000
00000011111111000000000000000000000000000000000000000000000001111111100000000000
00000111111110000000000000000000000000000000000000000000000000111111110000000000
00000111111100000000000000000000000000000000000000000000000000011111111000000000
00001111111000000000000000000000000000000000000000000000000000001111111000000000
00001111111000000000000000000000000000000000000000000000000000000111111100000000
00011111110000000000000000000000000000000000000000000000000000000011111110000000
00011111100000000000000000000000000000000000000000000000000000000011111111000000
00111111100000000000000000000000000000000000000000000000000000000001111111000000
00111111000000000000000000000000000000000000000000000000000000000000111111100000
00111111000000000000000000000000000000000000000000000000000000000000111111110000
00111110000000000000000000000000011111110000000000000000000000000000011111110000
00111110000000000000000000000111111111111111000000000000000000000000001111111000
01111110000000000000000000111111111111111111100000000000000000000000001111111000
01111110000000000000000001111111111111111111111000000000000000000000000111111000
01111100000000000000000111111111111111111111111100000000000000000000000011111100
01111100000000000000001111111111111111111111111110000000000000000000000011111100
01111100000000000000111111111111100000001111111111000000000000000000000011111100
01111100000000000001111111111100000000000011111111100000000000000000000011111100
01111100000000000011111111110000000000000000111111110000000000000000000011111100
01111100000000001111111111000000000000000000011111110000000000000000000011111100
01111110000000011111111110000000000000000000001111111100000000000000000111111100
01111110000000111111111000000000000000000000001111111110000000000000001111111000
01111110000011111111110000000000000000000000000111111111100000000001111111111000
00111111000111111111100000000000000000000000000011111111111111111111111111110000
00111111111111111111000000000000000000000000000001111111111111111111111111110000
00111111111111111100000000000000000000000000000000111111111111111111111111100000
00011111111111111000000000000000000000000000000000001111111111111111111110000000
00001111111111100000000000000000000000000000000000000011111111111111111000000000
00000011111110000000000000000000000000000000000000000000000011100000000000000000
00000000000000000000000000000000000000000000000000000000000000000000000000000000
                 Speed venant de updateSpeed : 3 0
===> temps exec = 0.002376


>>>> CONCLUSION : temps max d'un tour : 0.002600 <<<<<<<

=== ROUND 4
00000000000000000000000000000000000000000000000000000000000000000000000000000000
00000000000000000000111111110000000000000000111111111110000000000000000000000000
00000000000000011111111111110000000000000001111111111111111100000000000000000000
00000000000001111111111111110000000000000001111111111111111111000000000000000000
00000000000011111111111111110000000000000001111111111111111111100000000000000000
00000000000111111111111111110000000000000000111111111111111111111000000000000000
00000000001111111111111000000000000000000000000000111111111111111100000000000000
00000000111111111110000000000000000000000000000000000000111111111110000000000000
00000001111111111000000000000000000000000000000000000000000111111111000000000000
00000001111111100000000000000000000000000000000000000000000011111111000000000000
00000011111111000000000000000000000000000000000000000000000001111111100000000000
00000111111110000000000000000000000000000000000000000000000000111111110000000000
00000111111100000000000000000000000000000000000000000000000000011111111000000000
00001111111000000000000000000000000000000000000000000000000000001111111000000000
00001111111000000000000000000000000000000000000000000000000000000111111100000000
00011111110000000000000000000000000000000000000000000000000000000011111110000000
00011111100000000000000000000000000000000000000000000000000000000011111111000000
00111111100000000000000000000000000000000000000000000000000000000001111111000000
00111111000000000000000000000000000000000000000000000000000000000000111111100000
00111111000000000000000000000000000000000000000000000000000000000000111111110000
00111110000000000000000000000000011111110000000000000000000000000000011111110000
00111110000000000000000000000111111111111111000000000000000000000000001111111000
01111110000000000000000000111111111111111111100000000000000000000000001111111000
01111110000000000000000001111111111111111111111000000000000000000000000111111000
01111100000000000000000111111111111111111111111100000000000000000000000011111100
01111100000000000000001111111111111111111111111110000000000000000000000011111100
01111100000000000000111111111111100000001111111111000000000000000000000011111100
01111100000000000001111111111100000000000011111111100000000000000000000011111100
01111100000000000011111111110000000000000000111111110000000000000000000011111100
01111100000000001111111111000000000000000000011111110000000000000000000011111100
01111110000000011111111110000000000000000000001111111100000000000000000111111100
01111110000000111111111000000000000000000000001111111110000000000000001111111000
01111110000011111111110000000000000000000000000111111111100000000001111111111000
00111111000111111111100000000000000000000000000011111111111111111111111111110000
00111111111111111111000000000000000000000000000001111111111111111111111111110000
00111111111111111100000000000000000000000000000000111111111111111111111111100000
00011111111111111000000000000000000000000000000000001111111111111111111110000000
00001111111111100000000000000000000000000000000000000011111111111111111000000000
00000011111110000000000000000000000000000000000000000000000011100000000000000000
00000000000000000000000000000000000000000000000000000000000000000000000000000000
                 Speed venant de updateSpeed : 2 0
===> temps exec = 0.002381


>>>> CONCLUSION : temps max d'un tour : 0.002600 <<<<<<<

=== ROUND 5
00000000000000000000000000000000000000000000000000000000000000000000000000000000
00000000000000000000111111110000000000000000111111111110000000000000000000000000
00000000000000011111111111110000000000000001111111111111111100000000000000000000
00000000000001111111111111110000000000000001111111111111111111000000000000000000
00000000000011111111111111110000000000000001111111111111111111100000000000000000
00000000000111111111111111110000000000000000111111111111111111111000000000000000
00000000001111111111111000000000000000000000000000111111111111111100000000000000
00000000111111111110000000000000000000000000000000000000111111111110000000000000
00000001111111111000000000000000000000000000000000000000000111111111000000000000
00000001111111100000000000000000000000000000000000000000000011111111000000000000
00000011111111000000000000000000000000000000000000000000000001111111100000000000
00000111111110000000000000000000000000000000000000000000000000111111110000000000
00000111111100000000000000000000000000000000000000000000000000011111111000000000
00001111111000000000000000000000000000000000000000000000000000001111111000000000
00001111111000000000000000000000000000000000000000000000000000000111111100000000
00011111110000000000000000000000000000000000000000000000000000000011111110000000
00011111100000000000000000000000000000000000000000000000000000000011111111000000
00111111100000000000000000000000000000000000000000000000000000000001111111000000
00111111000000000000000000000000000000000000000000000000000000000000111111100000
00111111000000000000000000000000000000000000000000000000000000000000111111110000
00111110000000000000000000000000011111110000000000000000000000000000011111110000
00111110000000000000000000000111111111111111000000000000000000000000001111111000
01111110000000000000000000111111111111111111100000000000000000000000001111111000
01111110000000000000000001111111111111111111111000000000000000000000000111111000
01111100000000000000000111111111111111111111111100000000000000000000000011111100
01111100000000000000001111111111111111111111111110000000000000000000000011111100
01111100000000000000111111111111100000001111111111000000000000000000000011111100
01111100000000000001111111111100000000000011111111100000000000000000000011111100
01111100000000000011111111110000000000000000111111110000000000000000000011111100
01111100000000001111111111000000000000000000011111110000000000000000000011111100
01111110000000011111111110000000000000000000001111111100000000000000000111111100
01111110000000111111111000000000000000000000001111111110000000000000001111111000
01111110000011111111110000000000000000000000000111111111100000000001111111111000
00111111000111111111100000000000000000000000000011111111111111111111111111110000
00111111111111111111000000000000000000000000000001111111111111111111111111110000
00111111111111111100000000000000000000000000000000111111111111111111111111100000
00011111111111111000000000000000000000000000000000001111111111111111111110000000
00001111111111100000000000000000000000000000000000000011111111111111111000000000
00000011111110000000000000000000000000000000000000000000000011100000000000000000
00000000000000000000000000000000000000000000000000000000000000000000000000000000
                 Speed venant de updateSpeed : 1 0
===> temps exec = 0.002420


>>>> CONCLUSION : temps max d'un tour : 0.002600 <<<<<<<

=== ROUND 6
00000000000000000000000000000000000000000000000000000000000000000000000000000000
00000000000000000000111111110000000000000000111111111110000000000000000000000000
00000000000000011111111111110000000000000001111111111111111100000000000000000000
00000000000001111111111111110000000000000001111111111111111111000000000000000000
00000000000011111111111111110000000000000001111111111111111111100000000000000000
00000000000111111111111111110000000000000000111111111111111111111000000000000000
00000000001111111111111000000000000000000000000000111111111111111100000000000000
00000000111111111110000000000000000000000000000000000000111111111110000000000000
00000001111111111000000000000000000000000000000000000000000111111111000000000000
00000001111111100000000000000000000000000000000000000000000011111111000000000000
00000011111111000000000000000000000000000000000000000000000001111111100000000000
00000111111110000000000000000000000000000000000000000000000000111111110000000000
00000111111100000000000000000000000000000000000000000000000000011111111000000000
00001111111000000000000000000000000000000000000000000000000000001111111000000000
00001111111000000000000000000000000000000000000000000000000000000111111100000000
00011111110000000000000000000000000000000000000000000000000000000011111110000000
00011111100000000000000000000000000000000000000000000000000000000011111111000000
00111111100000000000000000000000000000000000000000000000000000000001111111000000
00111111000000000000000000000000000000000000000000000000000000000000111111100000
00111111000000000000000000000000000000000000000000000000000000000000111111110000
00111110000000000000000000000000011111110000000000000000000000000000011111110000
00111110000000000000000000000111111111111111000000000000000000000000001111111000
01111110000000000000000000111111111111111111100000000000000000000000001111111000
01111110000000000000000001111111111111111111111000000000000000000000000111111000
01111100000000000000000111111111111111111111111100000000000000000000000011111100
01111100000000000000001111111111111111111111111110000000000000000000000011111100
01111100000000000000111111111111100000001111111111000000000000000000000011111100
01111100000000000001111111111100000000000011111111100000000000000000000011111100
01111100000000000011111111110000000000000000111111110000000000000000000011111100
01111100000000001111111111000000000000000000011111110000000000000000000011111100
01111110000000011111111110000000000000000000001111111100000000000000000111111100
01111110000000111111111000000000000000000000001111111110000000000000001111111000
01111110000011111111110000000000000000000000000111111111100000000001111111111000
00111111000111111111100000000000000000000000000011111111111111111111111111110000
00111111111111111111000000000000000000000000000001111111111111111111111111110000
00111111111111111100000000000000000000000000000000111111111111111111111111100000
00011111111111111000000000000000000000000000000000001111111111111111111110000000
00001111111111100000000000000000000000000000000000000011111111111111111000000000
00000011111110000000000000000000000000000000000000000000000011100000000000000000
00000000000000000000000000000000000000000000000000000000000000000000000000000000
                 Speed venant de updateSpeed : 1 0
===> temps exec = 0.002472


>>>> CONCLUSION : temps max d'un tour : 0.002600 <<<<<<<

=== ROUND 7
00000000000000000000000000000000000000000000000000000000000000000000000000000000
00000000000000000000111111110000000000000000111111111110000000000000000000000000
00000000000000011111111111110000000000000001111111111111111100000000000000000000
00000000000001111111111111110000000000000001111111111111111111000000000000000000
00000000000011111111111111110000000000000001111111111111111111100000000000000000
00000000000111111111111111110000000000000000111111111111111111111000000000000000
00000000001111111111111000000000000000000000000000111111111111111100000000000000
00000000111111111110000000000000000000000000000000000000111111111110000000000000
00000001111111111000000000000000000000000000000000000000000111111111000000000000
00000001111111100000000000000000000000000000000000000000000011111111000000000000
00000011111111000000000000000000000000000000000000000000000001111111100000000000
00000111111110000000000000000000000000000000000000000000000000111111110000000000
00000111111100000000000000000000000000000000000000000000000000011111111000000000
00001111111000000000000000000000000000000000000000000000000000001111111000000000
00001111111000000000000000000000000000000000000000000000000000000111111100000000
00011111110000000000000000000000000000000000000000000000000000000011111110000000
00011111100000000000000000000000000000000000000000000000000000000011111111000000
00111111100000000000000000000000000000000000000000000000000000000001111111000000
00111111000000000000000000000000000000000000000000000000000000000000111111100000
00111111000000000000000000000000000000000000000000000000000000000000111111110000
00111110000000000000000000000000011111110000000000000000000000000000011111110000
00111110000000000000000000000111111111111111000000000000000000000000001111111000
01111110000000000000000000111111111111111111100000000000000000000000001111111000
01111110000000000000000001111111111111111111111000000000000000000000000111111000
01111100000000000000000111111111111111111111111100000000000000000000000011111100
01111100000000000000001111111111111111111111111110000000000000000000000011111100
01111100000000000000111111111111100000001111111111000000000000000000000011111100
01111100000000000001111111111100000000000011111111100000000000000000000011111100
01111100000000000011111111110000000000000000111111110000000000000000000011111100
01111100000000001111111111000000000000000000011111110000000000000000000011111100
01111110000000011111111110000000000000000000001111111100000000000000000111111100
01111110000000111111111000000000000000000000001111111110000000000000001111111000
01111110000011111111110000000000000000000000000111111111100000000001111111111000
00111111000111111111100000000000000000000000000011111111111111111111111111110000
00111111111111111111000000000000000000000000000001111111111111111111111111110000
00111111111111111100000000000000000000000000000000111111111111111111111111100000
00011111111111111000000000000000000000000000000000001111111111111111111110000000
00001111111111100000000000000000000000000000000000000011111111111111111000000000
00000011111110000000000000000000000000000000000000000000000011100000000000000000
00000000000000000000000000000000000000000000000000000000000000000000000000000000
>4 4
                 Speed venant de updateSpeed : 2 1
===> temps exec = 0.002398


>>>> CONCLUSION : temps max d'un tour : 0.002600 <<<<<<<

=== ROUND 8
00000000000000000000000000000000000000000000000000000000000000000000000000000000
00000000000000000000111111110000000000000000111111111110000000000000000000000000
00000000000000011111111111110000000000000001111111111111111100000000000000000000
00000000000001111111111111110000000000000001111111111111111111000000000000000000
00000000000011111111111111110000000000000001111111111111111111100000000000000000
00000000000111111111111111110000000000000000111111111111111111111000000000000000
00000000001111111111111000000000000000000000000000111111111111111100000000000000
00000000111111111110000000000000000000000000000000000000111111111110000000000000
00000001111111111000000000000000000000000000000000000000000111111111000000000000
00000001111111100000000000000000000000000000000000000000000011111111000000000000
00000011111111000000000000000000000000000000000000000000000001111111100000000000
00000111111110000000000000000000000000000000000000000000000000111111110000000000
00000111111100000000000000000000000000000000000000000000000000011111111000000000
00001111111000000000000000000000000000000000000000000000000000001111111000000000
00001111111000000000000000000000000000000000000000000000000000000111111100000000
00011111110000000000000000000000000000000000000000000000000000000011111110000000
00011111100000000000000000000000000000000000000000000000000000000011111111000000
00111111100000000000000000000000000000000000000000000000000000000001111111000000
00111111000000000000000000000000000000000000000000000000000000000000111111100000
00111111000000000000000000000000000000000000000000000000000000000000111111110000
00111110000000000000000000000000011111110000000000000000000000000000011111110000
00111110000000000000000000000111111111111111000000000000000000000000001111111000
01111110000000000000000000111111111111111111100000000000000000000000001111111000
01111110000000000000000001111111111111111111111000000000000000000000000111111000
01111100000000000000000111111111111111111111111100000000000000000000000011111100
01111100000000000000001111111111111111111111111110000000000000000000000011111100
01111100000000000000111111111111100000001111111111000000000000000000000011111100
01111100000000000001111111111100000000000011111111100000000000000000000011111100
01111100000000000011111111110000000000000000111111110000000000000000000011111100
01111100000000001111111111000000000000000000011111110000000000000000000011111100
01111110000000011111111110000000000000000000001111111100000000000000000111111100
01111110000000111111111000000000000000000000001111111110000000000000001111111000
01111110000011111111110000000000000000000000000111111111100000000001111111111000
00111111000111111111100000000000000000000000000011111111111111111111111111110000
00111111111111111111000000000000000000000000000001111111111111111111111111110000
00111111111111111100000000000000000000000000000000111111111111111111111111100000
00011111111111111000000000000000000000000000000000001111111111111111111110000000
00001111111111100000000000000000000000000000000000000011111111111111111000000000
00000011111110000000000000000000000000000000000000000000000011100000000000000000
00000000000000000000000000000000000000000000000000000000000000000000000000000000
                 Speed venant de updateSpeed : 1 1
===> temps exec = 0.002443


>>>> CONCLUSION : temps max d'un tour : 0.002600 <<<<<<<

=== ROUND 9
00000000000000000000000000000000000000000000000000000000000000000000000000000000
00000000000000000000111111110000000000000000111111111110000000000000000000000000
00000000000000011111111111110000000000000001111111111111111100000000000000000000
00000000000001111111111111110000000000000001111111111111111111000000000000000000
00000000000011111111111111110000000000000001111111111111111111100000000000000000
00000000000111111111111111110000000000000000111111111111111111111000000000000000
00000000001111111111111000000000000000000000000000111111111111111100000000000000
00000000111111111110000000000000000000000000000000000000111111111110000000000000
00000001111111111000000000000000000000000000000000000000000111111111000000000000
00000001111111100000000000000000000000000000000000000000000011111111000000000000
00000011111111000000000000000000000000000000000000000000000001111111100000000000
00000111111110000000000000000000000000000000000000000000000000111111110000000000
00000111111100000000000000000000000000000000000000000000000000011111111000000000
00001111111000000000000000000000000000000000000000000000000000001111111000000000
00001111111000000000000000000000000000000000000000000000000000000111111100000000
00011111110000000000000000000000000000000000000000000000000000000011111110000000
00011111100000000000000000000000000000000000000000000000000000000011111111000000
00111111100000000000000000000000000000000000000000000000000000000001111111000000
00111111000000000000000000000000000000000000000000000000000000000000111111100000
00111111000000000000000000000000000000000000000000000000000000000000111111110000
00111110000000000000000000000000011111110000000000000000000000000000011111110000
00111110000000000000000000000111111111111111000000000000000000000000001111111000
01111110000000000000000000111111111111111111100000000000000000000000001111111000
01111110000000000000000001111111111111111111111000000000000000000000000111111000
01111100000000000000000111111111111111111111111100000000000000000000000011111100
01111100000000000000001111111111111111111111111110000000000000000000000011111100
01111100000000000000111111111111100000001111111111000000000000000000000011111100
01111100000000000001111111111100000000000011111111100000000000000000000011111100
01111100000000000011111111110000000000000000111111110000000000000000000011111100
01111100000000001111111111000000000000000000011111110000000000000000000011111100
01111110000000011111111110000000000000000000001111111100000000000000000111111100
01111110000000111111111000000000000000000000001111111110000000000000001111111000
01111110000011111111110000000000000000000000000111111111100000000001111111111000
00111111000111111111100000000000000000000000000011111111111111111111111111110000
00111111111111111111000000000000000000000000000001111111111111111111111111110000
00111111111111111100000000000000000000000000000000111111111111111111111111100000
00011111111111111000000000000000000000000000000000001111111111111111111110000000
00001111111111100000000000000000000000000000000000000011111111111111111000000000
00000011111110000000000000000000000000000000000000000000000011100000000000000000
00000000000000000000000000000000000000000000000000000000000000000000000000000000
                 Speed venant de updateSpeed : 1 1
===> temps exec = 0.002439


>>>> CONCLUSION : temps max d'un tour : 0.002600 <<<<<<<

=== ROUND 10
00000000000000000000000000000000000000000000000000000000000000000000000000000000
00000000000000000000111111110000000000000000111111111110000000000000000000000000
00000000000000011111111111110000000000000001111111111111111100000000000000000000
00000000000001111111111111110000000000000001111111111111111111000000000000000000
00000000000011111111111111110000000000000001111111111111111111100000000000000000
00000000000111111111111111110000000000000000111111111111111111111000000000000000
00000000001111111111111000000000000000000000000000111111111111111100000000000000
00000000111111111110000000000000000000000000000000000000111111111110000000000000
00000001111111111000000000000000000000000000000000000000000111111111000000000000
00000001111111100000000000000000000000000000000000000000000011111111000000000000
00000011111111000000000000000000000000000000000000000000000001111111100000000000
00000111111110000000000000000000000000000000000000000000000000111111110000000000
00000111111100000000000000000000000000000000000000000000000000011111111000000000
00001111111000000000000000000000000000000000000000000000000000001111111000000000
00001111111000000000000000000000000000000000000000000000000000000111111100000000
00011111110000000000000000000000000000000000000000000000000000000011111110000000
00011111100000000000000000000000000000000000000000000000000000000011111111000000
00111111100000000000000000000000000000000000000000000000000000000001111111000000
00111111000000000000000000000000000000000000000000000000000000000000111111100000
00111111000000000000000000000000000000000000000000000000000000000000111111110000
00111110000000000000000000000000011111110000000000000000000000000000011111110000
00111110000000000000000000000111111111111111000000000000000000000000001111111000
01111110000000000000000000111111111111111111100000000000000000000000001111111000
01111110000000000000000001111111111111111111111000000000000000000000000111111000
01111100000000000000000111111111111111111111111100000000000000000000000011111100
01111100000000000000001111111111111111111111111110000000000000000000000011111100
01111100000000000000111111111111100000001111111111000000000000000000000011111100
01111100000000000001111111111100000000000011111111100000000000000000000011111100
01111100000000000011111111110000000000000000111111110000000000000000000011111100
01111100000000001111111111000000000000000000011111110000000000000000000011111100
01111110000000011111111110000000000000000000001111111100000000000000000111111100
01111110000000111111111000000000000000000000001111111110000000000000001111111000
01111110000011111111110000000000000000000000000111111111100000000001111111111000
00111111000111111111100000000000000000000000000011111111111111111111111111110000
00111111111111111111000000000000000000000000000001111111111111111111111111110000
00111111111111111100000000000000000000000000000000111111111111111111111111100000
00011111111111111000000000000000000000000000000000001111111111111111111110000000
00001111111111100000000000000000000000000000000000000011111111111111111000000000
00000011111110000000000000000000000000000000000000000000000011100000000000000000
00000000000000000000000000000000000000000000000000000000000000000000000000000000
                 Speed venant de updateSpeed : 1 1
===> temps exec = 0.002582


>>>> CONCLUSION : temps max d'un tour : 0.002600 <<<<<<<

=== ROUND 11
00000000000000000000000000000000000000000000000000000000000000000000000000000000
00000000000000000000111111110000000000000000111111111110000000000000000000000000
00000000000000011111111111110000000000000001111111111111111100000000000000000000
00000000000001111111111111110000000000000001111111111111111111000000000000000000
00000000000011111111111111110000000000000001111111111111111111100000000000000000
00000000000111111111111111110000000000000000111111111111111111111000000000000000
00000000001111111111111000000000000000000000000000111111111111111100000000000000
00000000111111111110000000000000000000000000000000000000111111111110000000000000
00000001111111111000000000000000000000000000000000000000000111111111000000000000
00000001111111100000000000000000000000000000000000000000000011111111000000000000
00000011111111000000000000000000000000000000000000000000000001111111100000000000
00000111111110000000000000000000000000000000000000000000000000111111110000000000
00000111111100000000000000000000000000000000000000000000000000011111111000000000
00001111111000000000000000000000000000000000000000000000000000001111111000000000
00001111111000000000000000000000000000000000000000000000000000000111111100000000
00011111110000000000000000000000000000000000000000000000000000000011111110000000
00011111100000000000000000000000000000000000000000000000000000000011111111000000
00111111100000000000000000000000000000000000000000000000000000000001111111000000
00111111000000000000000000000000000000000000000000000000000000000000111111100000
00111111000000000000000000000000000000000000000000000000000000000000111111110000
00111110000000000000000000000000011111110000000000000000000000000000011111110000
00111110000000000000000000000111111111111111000000000000000000000000001111111000
01111110000000000000000000111111111111111111100000000000000000000000001111111000
01111110000000000000000001111111111111111111111000000000000000000000000111111000
01111100000000000000000111111111111111111111111100000000000000000000000011111100
01111100000000000000001111111111111111111111111110000000000000000000000011111100
01111100000000000000111111111111100000001111111111000000000000000000000011111100
01111100000000000001111111111100000000000011111111100000000000000000000011111100
01111100000000000011111111110000000000000000111111110000000000000000000011111100
01111100000000001111111111000000000000000000011111110000000000000000000011111100
01111110000000011111111110000000000000000000001111111100000000000000000111111100
01111110000000111111111000000000000000000000001111111110000000000000001111111000
01111110000011111111110000000000000000000000000111111111100000000001111111111000
00111111000111111111100000000000000000000000000011111111111111111111111111110000
00111111111111111111000000000000000000000000000001111111111111111111111111110000
00111111111111111100000000000000000000000000000000111111111111111111111111100000
00011111111111111000000000000000000000000000000000001111111111111111111110000000
00001111111111100000000000000000000000000000000000000011111111111111111000000000
00000011111110000000000000000000000000000000000000000000000011100000000000000000
00000000000000000000000000000000000000000000000000000000000000000000000000000000
                 Speed venant de updateSpeed : 1 1
===> temps exec = 0.002541


>>>> CONCLUSION : temps max d'un tour : 0.002600 <<<<<<<

=== ROUND 12
00000000000000000000000000000000000000000000000000000000000000000000000000000000
00000000000000000000111111110000000000000000111111111110000000000000000000000000
00000000000000011111111111110000000000000001111111111111111100000000000000000000
00000000000001111111111111110000000000000001111111111111111111000000000000000000
00000000000011111111111111110000000000000001111111111111111111100000000000000000
00000000000111111111111111110000000000000000111111111111111111111000000000000000
00000000001111111111111000000000000000000000000000111111111111111100000000000000
00000000111111111110000000000000000000000000000000000000111111111110000000000000
00000001111111111000000000000000000000000000000000000000000111111111000000000000
00000001111111100000000000000000000000000000000000000000000011111111000000000000
00000011111111000000000000000000000000000000000000000000000001111111100000000000
00000111111110000000000000000000000000000000000000000000000000111111110000000000
00000111111100000000000000000000000000000000000000000000000000011111111000000000
00001111111000000000000000000000000000000000000000000000000000001111111000000000
00001111111000000000000000000000000000000000000000000000000000000111111100000000
00011111110000000000000000000000000000000000000000000000000000000011111110000000
00011111100000000000000000000000000000000000000000000000000000000011111111000000
00111111100000000000000000000000000000000000000000000000000000000001111111000000
00111111000000000000000000000000000000000000000000000000000000000000111111100000
00111111000000000000000000000000000000000000000000000000000000000000111111110000
00111110000000000000000000000000011111110000000000000000000000000000011111110000
00111110000000000000000000000111111111111111000000000000000000000000001111111000
01111110000000000000000000111111111111111111100000000000000000000000001111111000
01111110000000000000000001111111111111111111111000000000000000000000000111111000
01111100000000000000000111111111111111111111111100000000000000000000000011111100
01111100000000000000001111111111111111111111111110000000000000000000000011111100
01111100000000000000111111111111100000001111111111000000000000000000000011111100
01111100000000000001111111111100000000000011111111100000000000000000000011111100
01111100000000000011111111110000000000000000111111110000000000000000000011111100
01111100000000001111111111000000000000000000011111110000000000000000000011111100
01111110000000011111111110000000000000000000001111111100000000000000000111111100
01111110000000111111111000000000000000000000001111111110000000000000001111111000
01111110000011111111110000000000000000000000000111111111100000000001111111111000
00111111000111111111100000000000000000000000000011111111111111111111111111110000
00111111111111111111000000000000000000000000000001111111111111111111111111110000
00111111111111111100000000000000000000000000000000111111111111111111111111100000
00011111111111111000000000000000000000000000000000001111111111111111111110000000
00001111111111100000000000000000000000000000000000000011111111111111111000000000
00000011111110000000000000000000000000000000000000000000000011100000000000000000
00000000000000000000000000000000000000000000000000000000000000000000000000000000
                 Speed venant de updateSpeed : 1 1
===> temps exec = 0.002501


>>>> CONCLUSION : temps max d'un tour : 0.002600 <<<<<<<

=== ROUND 13
00000000000000000000000000000000000000000000000000000000000000000000000000000000
00000000000000000000111111110000000000000000111111111110000000000000000000000000
00000000000000011111111111110000000000000001111111111111111100000000000000000000
00000000000001111111111111110000000000000001111111111111111111000000000000000000
00000000000011111111111111110000000000000001111111111111111111100000000000000000
00000000000111111111111111110000000000000000111111111111111111111000000000000000
00000000001111111111111000000000000000000000000000111111111111111100000000000000
00000000111111111110000000000000000000000000000000000000111111111110000000000000
00000001111111111000000000000000000000000000000000000000000111111111000000000000
00000001111111100000000000000000000000000000000000000000000011111111000000000000
00000011111111000000000000000000000000000000000000000000000001111111100000000000
00000111111110000000000000000000000000000000000000000000000000111111110000000000
00000111111100000000000000000000000000000000000000000000000000011111111000000000
00001111111000000000000000000000000000000000000000000000000000001111111000000000
00001111111000000000000000000000000000000000000000000000000000000111111100000000
00011111110000000000000000000000000000000000000000000000000000000011111110000000
00011111100000000000000000000000000000000000000000000000000000000011111111000000
00111111100000000000000000000000000000000000000000000000000000000001111111000000
00111111000000000000000000000000000000000000000000000000000000000000111111100000
00111111000000000000000000000000000000000000000000000000000000000000111111110000
00111110000000000000000000000000011111110000000000000000000000000000011111110000
00111110000000000000000000000111111111111111000000000000000000000000001111111000
01111110000000000000000000111111111111111111100000000000000000000000001111111000
01111110000000000000000001111111111111111111111000000000000000000000000111111000
01111100000000000000000111111111111111111111111100000000000000000000000011111100
01111100000000000000001111111111111111111111111110000000000000000000000011111100
01111100000000000000111111111111100000001111111111000000000000000000000011111100
01111100000000000001111111111100000000000011111111100000000000000000000011111100
01111100000000000011111111110000000000000000111111110000000000000000000011111100
01111100000000001111111111000000000000000000011111110000000000000000000011111100
01111110000000011111111110000000000000000000001111111100000000000000000111111100
01111110000000111111111000000000000000000000001111111110000000000000001111111000
01111110000011111111110000000000000000000000000111111111100000000001111111111000
00111111000111111111100000000000000000000000000011111111111111111111111111110000
00111111111111111111000000000000000000000000000001111111111111111111111111110000
00111111111111111100000000000000000000000000000000111111111111111111111111100000
00011111111111111000000000000000000000000000000000001111111111111111111110000000
00001111111111100000000000000000000000000000000000000011111111111111111000000000
00000011111110000000000000000000000000000000000000000000000011100000000000000000
00000000000000000000000000000000000000000000000000000000000000000000000000000000
                 Speed venant de updateSpeed : 1 1
===> temps exec = 0.002580


>>>> CONCLUSION : temps max d'un tour : 0.002600 <<<<<<<

=== ROUND 14
00000000000000000000000000000000000000000000000000000000000000000000000000000000
00000000000000000000111111110000000000000000111111111110000000000000000000000000
00000000000000011111111111110000000000000001111111111111111100000000000000000000
00000000000001111111111111110000000000000001111111111111111111000000000000000000
00000000000011111111111111110000000000000001111111111111111111100000000000000000
00000000000111111111111111110000000000000000111111111111111111111000000000000000
00000000001111111111111000000000000000000000000000111111111111111100000000000000
00000000111111111110000000000000000000000000000000000000111111111110000000000000
00000001111111111000000000000000000000000000000000000000000111111111000000000000
00000001111111100000000000000000000000000000000000000000000011111111000000000000
00000011111111000000000000000000000000000000000000000000000001111111100000000000
00000111111110000000000000000000000000000000000000000000000000111111110000000000
00000111111100000000000000000000000000000000000000000000000000011111111000000000
00001111111000000000000000000000000000000000000000000000000000001111111000000000
00001111111000000000000000000000000000000000000000000000000000000111111100000000
00011111110000000000000000000000000000000000000000000000000000000011111110000000
00011111100000000000000000000000000000000000000000000000000000000011111111000000
00111111100000000000000000000000000000000000000000000000000000000001111111000000
00111111000000000000000000000000000000000000000000000000000000000000111111100000
00111111000000000000000000000000000000000000000000000000000000000000111111110000
00111110000000000000000000000000011111110000000000000000000000000000011111110000
00111110000000000000000000000111111111111111000000000000000000000000001111111000
01111110000000000000000000111111111111111111100000000000000000000000001111111000
01111110000000000000000001111111111111111111111000000000000000000000000111111000
01111100000000000000000111111111111111111111111100000000000000000000000011111100
01111100000000000000001111111111111111111111111110000000000000000000000011111100
01111100000000000000111111111111100000001111111111000000000000000000000011111100
01111100000000000001111111111100000000000011111111100000000000000000000011111100
01111100000000000011111111110000000000000000111111110000000000000000000011111100
01111100000000001111111111000000000000000000011111110000000000000000000011111100
01111110000000011111111110000000000000000000001111111100000000000000000111111100
01111110000000111111111000000000000000000000001111111110000000000000001111111000
01111110000011111111110000000000000000000000000111111111100000000001111111111000
00111111000111111111100000000000000000000000000011111111111111111111111111110000
00111111111111111111000000000000000000000000000001111111111111111111111111110000
00111111111111111100000000000000000000000000000000111111111111111111111111100000
00011111111111111000000000000000000000000000000000001111111111111111111110000000
00001111111111100000000000000000000000000000000000000011111111111111111000000000
00000011111110000000000000000000000000000000000000000000000011100000000000000000
00000000000000000000000000000000000000000000000000000000000000000000000000000000
                 Speed venant de updateSpeed : 1 1
===> temps exec = 0.002526


>>>> CONCLUSION : temps max d'un tour : 0.002600 <<<<<<<

=== ROUND 15
00000000000000000000000000000000000000000000000000000000000000000000000000000000
00000000000000000000111111110000000000000000111111111110000000000000000000000000
00000000000000011111111111110000000000000001111111111111111100000000000000000000
00000000000001111111111111110000000000000001111111111111111111000000000000000000
00000000000011111111111111110000000000000001111111111111111111100000000000000000
00000000000111111111111111110000000000000000111111111111111111111000000000000000
00000000001111111111111000000000000000000000000000111111111111111100000000000000
00000000111111111110000000000000000000000000000000000000111111111110000000000000
00000001111111111000000000000000000000000000000000000000000111111111000000000000
00000001111111100000000000000000000000000000000000000000000011111111000000000000
00000011111111000000000000000000000000000000000000000000000001111111100000000000
00000111111110000000000000000000000000000000000000000000000000111111110000000000
00000111111100000000000000000000000000000000000000000000000000011111111000000000
00001111111000000000000000000000000000000000000000000000000000001111111000000000
00001111111000000000000000000000000000000000000000000000000000000111111100000000
00011111110000000000000000000000000000000000000000000000000000000011111110000000
00011111100000000000000000000000000000000000000000000000000000000011111111000000
00111111100000000000000000000000000000000000000000000000000000000001111111000000
00111111000000000000000000000000000000000000000000000000000000000000111111100000
00111111000000000000000000000000000000000000000000000000000000000000111111110000
00111110000000000000000000000000011111110000000000000000000000000000011111110000
00111110000000000000000000000111111111111111000000000000000000000000001111111000
01111110000000000000000000111111111111111111100000000000000000000000001111111000
01111110000000000000000001111111111111111111111000000000000000000000000111111000
01111100000000000000000111111111111111111111111100000000000000000000000011111100
01111100000000000000001111111111111111111111111110000000000000000000000011111100
01111100000000000000111111111111100000001111111111000000000000000000000011111100
01111100000000000001111111111100000000000011111111100000000000000000000011111100
01111100000000000011111111110000000000000000111111110000000000000000000011111100
01111100000000001111111111000000000000000000011111110000000000000000000011111100
01111110000000011111111110000000000000000000001111111100000000000000000111111100
01111110000000111111111000000000000000000000001111111110000000000000001111111000
01111110000011111111110000000000000000000000000111111111100000000001111111111000
00111111000111111111100000000000000000000000000011111111111111111111111111110000
00111111111111111111000000000000000000000000000001111111111111111111111111110000
00111111111111111100000000000000000000000000000000111111111111111111111111100000
00011111111111111000000000000000000000000000000000001111111111111111111110000000
00001111111111100000000000000000000000000000000000000011111111111111111000000000
00000011111110000000000000000000000000000000000000000000000011100000000000000000
00000000000000000000000000000000000000000000000000000000000000000000000000000000
                 Speed venant de updateSpeed : 1 1
===> temps exec = 0.002551


>>>> CONCLUSION : temps max d'un tour : 0.002600 <<<<<<<

=== ROUND 16
00000000000000000000000000000000000000000000000000000000000000000000000000000000
00000000000000000000111111110000000000000000111111111110000000000000000000000000
00000000000000011111111111110000000000000001111111111111111100000000000000000000
00000000000001111111111111110000000000000001111111111111111111000000000000000000
00000000000011111111111111110000000000000001111111111111111111100000000000000000
00000000000111111111111111110000000000000000111111111111111111111000000000000000
00000000001111111111111000000000000000000000000000111111111111111100000000000000
00000000111111111110000000000000000000000000000000000000111111111110000000000000
00000001111111111000000000000000000000000000000000000000000111111111000000000000
00000001111111100000000000000000000000000000000000000000000011111111000000000000
00000011111111000000000000000000000000000000000000000000000001111111100000000000
00000111111110000000000000000000000000000000000000000000000000111111110000000000
00000111111100000000000000000000000000000000000000000000000000011111111000000000
00001111111000000000000000000000000000000000000000000000000000001111111000000000
00001111111000000000000000000000000000000000000000000000000000000111111100000000
00011111110000000000000000000000000000000000000000000000000000000011111110000000
00011111100000000000000000000000000000000000000000000000000000000011111111000000
00111111100000000000000000000000000000000000000000000000000000000001111111000000
00111111000000000000000000000000000000000000000000000000000000000000111111100000
00111111000000000000000000000000000000000000000000000000000000000000111111110000
00111110000000000000000000000000011111110000000000000000000000000000011111110000
00111110000000000000000000000111111111111111000000000000000000000000001111111000
01111110000000000000000000111111111111111111100000000000000000000000001111111000
01111110000000000000000001111111111111111111111000000000000000000000000111111000
01111100000000000000000111111111111111111111111100000000000000000000000011111100
01111100000000000000001111111111111111111111111110000000000000000000000011111100
01111100000000000000111111111111100000001111111111000000000000000000000011111100
01111100000000000001111111111100000000000011111111100000000000000000000011111100
01111100000000000011111111110000000000000000111111110000000000000000000011111100
01111100000000001111111111000000000000000000011111110000000000000000000011111100
01111110000000011111111110000000000000000000001111111100000000000000000111111100
01111110000000111111111000000000000000000000001111111110000000000000001111111000
01111110000011111111110000000000000000000000000111111111100000000001111111111000
00111111000111111111100000000000000000000000000011111111111111111111111111110000
00111111111111111111000000000000000000000000000001111111111111111111111111110000
00111111111111111100000000000000000000000000000000111111111111111111111111100000
00011111111111111000000000000000000000000000000000001111111111111111111110000000
00001111111111100000000000000000000000000000000000000011111111111111111000000000
00000011111110000000000000000000000000000000000000000000000011100000000000000000
00000000000000000000000000000000000000000000000000000000000000000000000000000000
>2 3
                 Speed venant de updateSpeed : 2 2
===> temps exec = 0.002527


>>>> CONCLUSION : temps max d'un tour : 0.002600 <<<<<<<

=== ROUND 17
00000000000000000000000000000000000000000000000000000000000000000000000000000000
00000000000000000000111111110000000000000000111111111110000000000000000000000000
00000000000000011111111111110000000000000001111111111111111100000000000000000000
00000000000001111111111111110000000000000001111111111111111111000000000000000000
00000000000011111111111111110000000000000001111111111111111111100000000000000000
00000000000111111111111111110000000000000000111111111111111111111000000000000000
00000000001111111111111000000000000000000000000000111111111111111100000000000000
00000000111111111110000000000000000000000000000000000000111111111110000000000000
00000001111111111000000000000000000000000000000000000000000111111111000000000000
00000001111111100000000000000000000000000000000000000000000011111111000000000000
00000011111111000000000000000000000000000000000000000000000001111111100000000000
00000111111110000000000000000000000000000000000000000000000000111111110000000000
00000111111100000000000000000000000000000000000000000000000000011111111000000000
00001111111000000000000000000000000000000000000000000000000000001111111000000000
00001111111000000000000000000000000000000000000000000000000000000111111100000000
00011111110000000000000000000000000000000000000000000000000000000011111110000000
00011111100000000000000000000000000000000000000000000000000000000011111111000000
00111111100000000000000000000000000000000000000000000000000000000001111111000000
00111111000000000000000000000000000000000000000000000000000000000000111111100000
00111111000000000000000000000000000000000000000000000000000000000000111111110000
00111110000000000000000000000000011111110000000000000000000000000000011111110000
00111110000000000000000000000111111111111111000000000000000000000000001111111000
01111110000000000000000000111111111111111111100000000000000000000000001111111000
01111110000000000000000001111111111111111111111000000000000000000000000111111000
01111100000000000000000111111111111111111111111100000000000000000000000011111100
01111100000000000000001111111111111111111111111110000000000000000000000011111100
01111100000000000000111111111111100000001111111111000000000000000000000011111100
01111100000000000001111111111100000000000011111111100000000000000000000011111100
01111100000000000011111111110000000000000000111111110000000000000000000011111100
01111100000000001111111111000000000000000000011111110000000000000000000011111100
01111110000000011111111110000000000000000000001111111100000000000000000111111100
01111110000000111111111000000000000000000000001111111110000000000000001111111000
01111110000011111111110000000000000000000000000111111111100000000001111111111000
00111111000111111111100000000000000000000000000011111111111111111111111111110000
00111111111111111111000000000000000000000000000001111111111111111111111111110000
00111111111111111100000000000000000000000000000000111111111111111111111111100000
00011111111111111000000000000000000000000000000000001111111111111111111110000000
00001111111111100000000000000000000000000000000000000011111111111111111000000000
00000011111110000000000000000000000000000000000000000000000011100000000000000000
00000000000000000000000000000000000000000000000000000000000000000000000000000000
